0100000 0 0
1100000 0 0
0001100 0 1
1001100 0 0
0001100 0 1
1001100 0 0
0001100 0 1
1001100 0 0
0000011 0 1
1000011 0 0
0001100 0 1
1001100 0 0
0001100 0 1
1001100 0 0
0001100 0 1
1001100 0 0
0001111 0 1
1001111 0 0
0001100 0 1
1001100 0 0
0001100 0 1
1001100 0 0
0001100 0 1
1001100 0 0
0001100 0 1
1001100 0 0
0010010 0 1
1010010 0 0
0001100 0 1
1001100 0 0
0001100 0 1
1001100 0 0
0001100 0 1
1001100 0 0
0001100 0 1
1001100 0 0
0001111 0 1
1001111 0 0
0001100 0 1
1001100 0 0
0001100 0 1
1001100 0 0
0001110 0 1
1001110 0 0
0001100 0 1
1001100 0 0
0001100 0 1
1001100 0 0
0001100 0 1
1001100 0 0
0001100 0 1
1001100 0 0
0000001 1 1
1000001 0 0
0001100 0 1
1001100 0 0
0001100 0 1
1001100 0 0
0000011 0 1
1000011 0 0
0001111 0 1
1001111 0 0
0010010 0 1
1010010 0 0
0001100 0 1
1001100 0 0
0001100 0 1
1001100 0 0
0001100 0 1
1001100 0 0
0001111 0 1
1001111 0 0
0001110 0 1
1001110 0 0
0001100 0 1
1001100 0 0
0001100 0 1
1001100 0 0
0000001 0 1
1000001 0 0
0001100 0 1
1001100 0 0
0001100 0 1
1001100 0 0
0000011 0 1
1000011 0 0
0001111 0 1
1001111 0 0
0010010 0 1
1010010 0 0
0001111 0 1
1001111 0 0
0001110 0 1
1001110 0 0
0001100 0 1
1001100 0 0
0001100 0 1
1001100 0 0
0001100 0 1
1001100 0 0
0001100 0 1
1001100 0 0
0000001 1 1
1000001 0 0
0001100 0 1
1001100 0 0
0001100 0 1
1001100 0 0
0001100 0 1
1001100 0 0
0001100 0 1
1001100 0 0
