010 0 0
110 0 0
001 0 1
101 0 0
000 0 1
100 0 0
001 0 1
101 0 0
000 0 1
100 0 0
001 0 1
101 0 0
001 0 1
101 0 0
000 0 1
100 0 0
000 0 1
100 0 0
000 0 1
100 0 0
000 0 1
100 0 0
001 0 1
101 0 0
001 1 1
101 1 0
001 0 1
101 0 0
001 0 1
101 0 0
000 0 1
100 0 0
001 0 1
101 0 0
001 1 1
101 1 0
000 0 1
100 0 0
001 1 1
101 1 0
000 0 1
100 0 0
001 1 1
101 1 0
001 0 1
101 0 0
001 0 1
101 0 0
000 0 1
100 0 0
001 0 1
101 0 0
000 0 1
100 0 0
000 0 1
100 0 0
000 0 1
100 0 0
001 1 1
101 1 0
001 0 1
101 0 0
001 0 1
101 0 0
001 1 1
101 1 0
000 0 1
100 0 0
000 0 1
100 0 0
001 0 1
101 0 0
000 0 1
100 0 0
001 0 1
101 0 0
001 1 1
101 1 0
000 0 1
100 0 0
001 1 1
101 1 0
001 0 1
101 0 0
000 0 1
100 0 0
000 0 1
100 0 0
000 0 1
100 0 0
000 0 1
100 0 0
000 0 1
100 0 0
